No. of nodes    AODV DSDV   DSR
10        93.6        72.3533        97.495
20        81.733        27.939        99.73
30        93.077        74.035        97.293
40        78.405        58.8225        99.6921
50        90.327        73.7612        12.9032


No. of nodes    AODV DSDV   DSR
10        435789        336866        436857
20        380539        130084        447123
30        433320        344698        435956
40        365045        273872        446896
50        420550        343421        59733



No. of nodes    AODV DSDV   DSR
10        0.1696        0.0066        0.0762
20        0.3989        0.0616        0.0058
30        0.1891        0.0236        0.0731
40        0.3879        0.3246        0.0058
50        0.018         0.0071        0.1034





